{
 "cells": [
  {
   "cell_type": "code",
   "execution_count": 1,
   "id": "15ccd9b6",
   "metadata": {},
   "outputs": [
    {
     "name": "stdout",
     "output_type": "stream",
     "text": [
      "Jax version 0.10.0\n",
      "Distrax version 0.1.8\n",
      "Flax version 0.12.7\n",
      "Optax version 0.2.8\n",
      "PyTorch version 2.12.0\n"
     ]
    }
   ],
   "source": [
    "%load_ext autoreload\n",
    "%autoreload \n",
    "\n",
    "import numpy as np\n",
    "import pickle\n",
    "from tqdm import tqdm\n",
    "import matplotlib.pyplot as plt\n",
    "\n",
    "import jax\n",
    "import jax.numpy as jnp\n",
    "print(\"Jax version\", jax.__version__)\n",
    "import distrax\n",
    "print(\"Distrax version\", distrax.__version__)\n",
    "import flax\n",
    "import flax.nnx as nnx\n",
    "print(\"Flax version\", flax.__version__)\n",
    "import optax \n",
    "print(\"Optax version\", optax.__version__)\n",
    "import torch\n",
    "from torch.utils.data import TensorDataset, DataLoader, random_split\n",
    "print(\"PyTorch version\", torch.__version__)\n",
    "\n",
    "from sbi_compression.methods.linear.CCA import CCA\n",
    "from sbi_compression.methods.data import dataset_shapes"
   ]
  },
  {
   "cell_type": "code",
   "execution_count": 2,
   "id": "c3a5c7f2",
   "metadata": {},
   "outputs": [
    {
     "name": "stdout",
     "output_type": "stream",
     "text": [
      "x (66295, 60, 60, 5) \n",
      "p (66295, 6)\n"
     ]
    }
   ],
   "source": [
    "# with np.load('../sbi_lens_sims/mpi_job_4483820_combined.npz') as data:\n",
    "with np.load('../sbi_lens_sims/combined_overall.npz') as data:\n",
    "    x = data['y']\n",
    "    # Flax Conv layers expects data shape in (N, H, W, C) format\n",
    "    p = data['theta']\n",
    "    # Remove any NaN data points\n",
    "    nan_mask = jnp.isnan(x).reshape(x.shape[0], -1).any(axis=1)\n",
    "    clean_indices = jnp.where(~nan_mask)[0]\n",
    "    x = x[clean_indices]\n",
    "    p = p[clean_indices]\n",
    "    N_data = x.shape[0]\n",
    "    print(\"x\", x.shape, \"\\np\", p.shape)"
   ]
  },
  {
   "cell_type": "code",
   "execution_count": 6,
   "id": "7cc8856a",
   "metadata": {},
   "outputs": [
    {
     "name": "stdout",
     "output_type": "stream",
     "text": [
      "'data2' is the higher dimensional data that will be compressed.\n",
      "(66295, 6) (66295, 6)\n",
      "Canonical correlations [nan nan nan nan nan nan]\n"
     ]
    }
   ],
   "source": [
    "# Truth vs Latent diagnostic scatter\n",
    "gt = ground_truth = p\n",
    "canonical_variables = CCA(p,x,regularisation=0)\n",
    "cd = compressed_data = canonical_variables[0]\n",
    "canonical_variables = canonical_variables[1]\n",
    "results = {\n",
    "    \"ground_truth\": gt,\n",
    "    \"compressed_data\": cd,\n",
    "    \"canonical_params\": canonical_variables,\n",
    "}\n",
    "path = f\"compressed_data/CCA_sbi_lens.pkl\"\n",
    "with open(path, 'wb') as f:\n",
    "    pickle.dump(results, f)\n",
    "print(compressed_data.shape, p.shape)\n",
    "print(\"Canonical correlations\", canonical_variables[2])"
   ]
  },
  {
   "cell_type": "code",
   "execution_count": 5,
   "id": "90bfb393",
   "metadata": {},
   "outputs": [
    {
     "ename": "NameError",
     "evalue": "name 'cd' is not defined",
     "output_type": "error",
     "traceback": [
      "\u001b[31m---------------------------------------------------------------------------\u001b[39m",
      "\u001b[31mNameError\u001b[39m                                 Traceback (most recent call last)",
      "\u001b[36mCell\u001b[39m\u001b[36m \u001b[39m\u001b[32mIn[5]\u001b[39m\u001b[32m, line 4\u001b[39m\n\u001b[32m      1\u001b[39m \u001b[38;5;66;03m# Truth vs Latent diagnostic scatter\u001b[39;00m\n\u001b[32m      2\u001b[39m params = [\u001b[33m'Oc'\u001b[39m,\u001b[33m'Ob'\u001b[39m,\u001b[33m's8'\u001b[39m,\u001b[33m'h0'\u001b[39m,\u001b[33m'Ns'\u001b[39m,\u001b[33m'w0'\u001b[39m]\n\u001b[32m      3\u001b[39m num_params = ground_truth.shape[\u001b[32m1\u001b[39m]\n\u001b[32m----> \u001b[39m\u001b[32m4\u001b[39m print(cd.shape, p.shape)\n\u001b[32m      5\u001b[39m print(cd)\n\u001b[32m      6\u001b[39m \n\u001b[32m      7\u001b[39m fig, axes = plt.subplots(\u001b[32m2\u001b[39m, \u001b[32m3\u001b[39m, figsize=(\u001b[32m10\u001b[39m,\u001b[32m6\u001b[39m))\n",
      "\u001b[31mNameError\u001b[39m: name 'cd' is not defined"
     ]
    }
   ],
   "source": [
    "# Truth vs Latent diagnostic scatter\n",
    "params = ['Oc','Ob','s8','h0','Ns','w0']\n",
    "num_params = ground_truth.shape[1]\n",
    "print(cd.shape, p.shape)\n",
    "print(cd)\n",
    "\n",
    "fig, axes = plt.subplots(2, 3, figsize=(10,6))\n",
    "axes = axes.flatten()\n",
    "for i in range(num_params):\n",
    "    ax = axes[i]\n",
    "    ax.scatter(gt[:,i], cd[:,i], s=1, color=\"blue\")\n",
    "    ax.set_xlabel(f'True {params[i]}')\n",
    "    ax.set_ylabel(f'Latent {params[i]}')\n",
    "\n",
    "plt.suptitle(\"flax.nnx MSE compressor\")\n",
    "plt.tight_layout()\n",
    "# plt.savefig(f\"nnx_MSE_scatter_{STEPS}_steps.pdf\")\n",
    "plt.show()"
   ]
  },
  {
   "cell_type": "code",
   "execution_count": 5,
   "id": "b4ef07a4",
   "metadata": {},
   "outputs": [
    {
     "name": "stdout",
     "output_type": "stream",
     "text": [
      "'data2' is the higher dimensional data that will be compressed.\n",
      "[[ 2.90528685e-02  1.53695473e-05 -2.65906565e-04 -3.35904406e-05\n",
      "   2.67938420e-04  6.65474101e-04 -1.06496618e-05 -1.13122987e-04\n",
      "   4.28831809e-05  6.22892694e-05  2.02369876e-04 -1.25711813e-04\n",
      "   9.53321796e-05  7.34593050e-06  1.01993610e-04  1.80058676e-04\n",
      "   5.05574390e-05  8.04425363e-05 -1.31316910e-05  4.70340528e-05\n",
      "   1.01867183e-04  1.62350796e-06  1.56778697e-05  5.88133407e-05\n",
      "  -1.06249609e-05 -4.71934618e-05  3.69157096e-05  1.02935381e-04\n",
      "   2.71250592e-05  3.34824144e-05]\n",
      " [ 1.53695473e-05  3.62958926e-05  1.31738000e-06  6.51624941e-06\n",
      "   8.36097843e-06  5.03949605e-06 -9.75925786e-07 -6.24843835e-07\n",
      "   1.86856346e-06 -5.09871188e-06 -6.42221437e-07 -1.52295991e-06\n",
      "  -5.51353253e-07  2.84953990e-06  1.16812248e-06 -2.19195044e-06\n",
      "  -1.06916912e-06 -4.28350995e-06 -9.06537878e-07 -2.50143921e-06\n",
      "   1.46576508e-06  6.78292452e-07 -9.46103171e-07  1.25294786e-09\n",
      "   3.87676300e-06 -1.20614061e-07 -3.10859406e-07 -3.54002594e-07\n",
      "   2.06489790e-06 -1.74790372e-07]\n",
      " [-2.65906565e-04  1.31738000e-06  1.96653903e-02  4.76411660e-05\n",
      "  -1.52371489e-04 -1.39381969e-04  2.65429344e-06 -9.07891445e-05\n",
      "  -3.13422461e-05 -1.89618572e-06 -9.84067810e-05 -6.58384379e-05\n",
      "  -6.83409307e-05 -2.63539605e-05 -4.45331207e-05 -4.20181968e-05\n",
      "   1.27002622e-05 -2.52234749e-05  4.74023363e-05 -4.14089736e-05\n",
      "   1.93140859e-05  3.07572407e-07 -3.07912087e-05  7.73640713e-05\n",
      "  -5.90173613e-06 -9.94368474e-06 -4.65900084e-05  2.65830272e-06\n",
      "   6.15555246e-06  1.22861456e-06]\n",
      " [-3.35904406e-05  6.51624941e-06  4.76411660e-05  3.98897938e-03\n",
      "   2.50560406e-05 -6.14191085e-05 -2.24979576e-05  6.46750868e-06\n",
      "   1.42283343e-05  1.50075321e-05  5.58171996e-06 -1.15886423e-05\n",
      "   8.69163614e-06  7.02166426e-06 -8.70364966e-06  2.09080299e-05\n",
      "  -3.89616944e-05  2.16448861e-05 -1.80188381e-05 -2.15713299e-05\n",
      "   5.47133459e-06 -1.49915259e-05  6.06072126e-06  5.14923049e-05\n",
      "  -3.20609033e-05  7.44515501e-06 -2.64261307e-05  1.19284487e-05\n",
      "   2.27104028e-05  3.82497456e-05]\n",
      " [ 2.67938420e-04  8.36097843e-06 -1.52371489e-04  2.50560406e-05\n",
      "   6.46079564e-03 -4.39254567e-04 -1.09897446e-05 -4.42754799e-06\n",
      "   4.22619705e-05 -1.99262613e-05 -3.34878132e-05 -4.69705665e-05\n",
      "   2.26998764e-05 -2.77711843e-05 -1.39885351e-05 -5.10254249e-05\n",
      "   8.59092961e-06  2.92585519e-05 -2.24190790e-05  2.84373291e-05\n",
      "  -6.80385801e-06 -8.48572654e-06 -5.81471386e-06  2.41712514e-05\n",
      "   9.58861619e-06  1.69301711e-05 -1.55092275e-05 -1.25213701e-05\n",
      "   7.34010257e-07  3.43715556e-06]\n",
      " [ 6.65474101e-04  5.03949605e-06 -1.39381969e-04 -6.14191085e-05\n",
      "  -4.39254567e-04  2.16952026e-01 -1.63713248e-05 -7.86676756e-05\n",
      "  -8.18072804e-05 -3.91320762e-04 -1.66881960e-04  7.64307333e-06\n",
      "   1.01274534e-04  1.74125409e-04  3.14786565e-04  4.28489766e-05\n",
      "  -1.85164288e-04  1.19131517e-04  2.92597178e-05  6.16359175e-05\n",
      "   1.22991696e-04  3.08855873e-04 -2.08031895e-04 -1.88575024e-04\n",
      "  -7.91179627e-05  2.32167458e-05  7.27870211e-05  2.82699155e-04\n",
      "  -1.31761713e-04 -2.40744979e-04]\n",
      " [-1.06496618e-05 -9.75925786e-07  2.65429344e-06 -2.24979576e-05\n",
      "  -1.09897446e-05 -1.63713248e-05  5.11030958e-04  2.68494805e-05\n",
      "   3.58200996e-05  2.85950809e-05  3.09690004e-05  1.49351463e-05\n",
      "   1.99271267e-06  2.05717970e-05  2.66150437e-05  2.00864215e-05\n",
      "   2.80499034e-06  2.10172038e-05  1.28421880e-05  1.56473652e-05\n",
      "   2.46381351e-05  1.15626317e-05  1.53688634e-05  1.43741772e-05\n",
      "   1.53651545e-05  1.49739899e-05 -9.98709311e-07  8.75849855e-06\n",
      "   7.46075330e-06  1.28936572e-05]\n",
      " [-1.13122987e-04 -6.24843835e-07 -9.07891445e-05  6.46750868e-06\n",
      "  -4.42754799e-06 -7.86676756e-05  2.68494805e-05  5.93261910e-04\n",
      "   1.08968714e-04  1.38207295e-04  1.61249976e-04  2.26611719e-05\n",
      "   2.52190421e-05  3.87577602e-05  5.15595493e-05  7.41857948e-05\n",
      "   8.61583976e-06  2.77108429e-05  3.24574321e-05  5.27116608e-05\n",
      "   4.34310241e-05  1.88107297e-05  2.74970807e-06  1.75154019e-05\n",
      "   3.06679358e-05  2.72541820e-05  3.03087108e-06  1.36113140e-05\n",
      "   2.04566823e-05  1.65215915e-05]\n",
      " [ 4.28831809e-05  1.86856346e-06 -3.13422461e-05  1.42283343e-05\n",
      "   4.22619705e-05 -8.18072804e-05  3.58200996e-05  1.08968714e-04\n",
      "   6.71461457e-04  2.35127809e-04  2.91574193e-04  2.67180330e-05\n",
      "   5.35768922e-05  7.76887828e-05  9.59258978e-05  1.25979888e-04\n",
      "   2.46220025e-05  2.32093698e-05  3.26848494e-05  5.37517408e-05\n",
      "   5.12128063e-05  7.86213150e-06  2.80721852e-05  2.57490774e-05\n",
      "   4.87538309e-05  5.31501864e-05  1.51366994e-05  1.15621224e-05\n",
      "   2.31229551e-05  5.00267088e-05]\n",
      " [ 6.22892694e-05 -5.09871188e-06 -1.89618572e-06  1.50075321e-05\n",
      "  -1.99262613e-05 -3.91320762e-04  2.85950809e-05  1.38207295e-04\n",
      "   2.35127809e-04  8.27003387e-04  4.16217314e-04  7.25707514e-06\n",
      "   5.56350060e-05  9.42691840e-05  1.33055670e-04  1.67189588e-04\n",
      "   7.76902016e-06  2.40402496e-05  4.68251383e-05  6.89298613e-05\n",
      "   7.38265007e-05  1.73596018e-05  3.91329777e-05  3.39089456e-05\n",
      "   6.00296953e-05  7.73840075e-05  1.19249917e-05  2.47343235e-09\n",
      "   1.60245490e-05  2.74791710e-05]\n",
      " [ 2.02369876e-04 -6.42221437e-07 -9.84067810e-05  5.58171996e-06\n",
      "  -3.34878132e-05 -1.66881960e-04  3.09690004e-05  1.61249976e-04\n",
      "   2.91574193e-04  4.16217314e-04  1.13615789e-03  2.80385211e-05\n",
      "   6.23976448e-05  1.21906967e-04  1.89076687e-04  2.69673037e-04\n",
      "   1.53634046e-05  3.20185027e-05  5.17584194e-05  1.09808687e-04\n",
      "   1.42650169e-04  1.97534446e-05  2.14866559e-05  3.70275739e-05\n",
      "   6.81438178e-05  1.25125400e-04  5.03392675e-06  1.02567956e-05\n",
      "   3.19034480e-05  4.56959278e-05]\n",
      " [-1.25711813e-04 -1.52295991e-06 -6.58384379e-05 -1.15886423e-05\n",
      "  -4.69705665e-05  7.64307333e-06  1.49351463e-05  2.26611719e-05\n",
      "   2.67180330e-05  7.25707514e-06  2.80385211e-05  5.21526556e-04\n",
      "   4.96096945e-05  5.45345210e-05  6.34878888e-05  8.25261377e-05\n",
      "   8.73613953e-06  2.66975512e-05  2.09287864e-05  1.84702385e-05\n",
      "   5.03920564e-05  1.11986819e-05  5.03847969e-06  1.45902077e-05\n",
      "   8.30963836e-06  2.29809539e-05  9.04003900e-06  8.20832429e-06\n",
      "   2.76924516e-06  6.04603747e-06]\n",
      " [ 9.53321796e-05 -5.51353253e-07 -6.83409307e-05  8.69163614e-06\n",
      "   2.26998764e-05  1.01274534e-04  1.99271267e-06  2.52190421e-05\n",
      "   5.35768922e-05  5.56350060e-05  6.23976448e-05  4.96096945e-05\n",
      "   5.83770161e-04  1.19980301e-04  1.39515381e-04  1.51427186e-04\n",
      "   1.37852821e-05  4.75005872e-05  5.33747916e-05  7.42294942e-05\n",
      "   7.24727506e-05  7.47131298e-06  3.57244571e-05  4.57168380e-06\n",
      "   3.22667111e-05  2.33257142e-05  1.89093771e-06  1.07051328e-05\n",
      "   2.77569470e-05  2.28079389e-05]\n",
      " [ 7.34593050e-06  2.84953990e-06 -2.63539605e-05  7.02166426e-06\n",
      "  -2.77711843e-05  1.74125409e-04  2.05717970e-05  3.87577602e-05\n",
      "   7.76887828e-05  9.42691840e-05  1.21906967e-04  5.45345210e-05\n",
      "   1.19980301e-04  6.69046887e-04  2.23104245e-04  2.66157935e-04\n",
      "   2.48141005e-05  5.04305099e-05  6.21785584e-05  8.80540756e-05\n",
      "   1.13114162e-04  1.72650343e-05  2.39895089e-05  4.86616154e-05\n",
      "   4.58167669e-05  7.14679481e-05  7.88050420e-06  1.68310307e-05\n",
      "   1.69350133e-05  3.97244658e-05]\n",
      " [ 1.01993610e-04  1.16812248e-06 -4.45331207e-05 -8.70364966e-06\n",
      "  -1.39885351e-05  3.14786565e-04  2.66150437e-05  5.15595493e-05\n",
      "   9.59258978e-05  1.33055670e-04  1.89076687e-04  6.34878888e-05\n",
      "   1.39515381e-04  2.23104245e-04  8.19284003e-04  4.22911806e-04\n",
      "   1.27927588e-05  5.61453271e-05  8.11704158e-05  1.25974795e-04\n",
      "   1.78479910e-04 -1.23116843e-06  3.07120135e-05  6.25936445e-05\n",
      "   8.39718050e-05  1.00506724e-04 -3.97935082e-06  2.78280913e-05\n",
      "   3.74017145e-05  5.62636960e-05]\n",
      " [ 1.80058676e-04 -2.19195044e-06 -4.20181968e-05  2.09080299e-05\n",
      "  -5.10254249e-05  4.28489766e-05  2.00864215e-05  7.41857948e-05\n",
      "   1.25979888e-04  1.67189588e-04  2.69673037e-04  8.25261377e-05\n",
      "   1.51427186e-04  2.66157935e-04  4.22911806e-04  1.14092580e-03\n",
      "  -4.34758658e-06  9.04652043e-05  1.17402778e-04  1.83529657e-04\n",
      "   2.66095856e-04  1.90451851e-06  3.12278644e-05  6.24836684e-05\n",
      "   6.64685940e-05  1.34564776e-04 -3.21459356e-06  2.07870708e-05\n",
      "   4.36712835e-05  9.32302501e-05]\n",
      " [ 5.05574390e-05 -1.06916912e-06  1.27002622e-05 -3.89616944e-05\n",
      "   8.59092961e-06 -1.85164288e-04  2.80499034e-06  8.61583976e-06\n",
      "   2.46220025e-05  7.76902016e-06  1.53634046e-05  8.73613953e-06\n",
      "   1.37852821e-05  2.48141005e-05  1.27927588e-05 -4.34758658e-06\n",
      "   5.01371338e-04  3.23529421e-05  4.83270960e-05  4.11974906e-05\n",
      "   2.95682494e-05  6.28307544e-06  1.76137764e-05  2.34696272e-05\n",
      "   3.26338522e-05  2.24931464e-05 -3.09156326e-06  1.40591437e-05\n",
      "   2.14157649e-06  7.74864111e-06]\n",
      " [ 8.04425363e-05 -4.28350995e-06 -2.52234749e-05  2.16448861e-05\n",
      "   2.92585519e-05  1.19131517e-04  2.10172038e-05  2.77108429e-05\n",
      "   2.32093698e-05  2.40402496e-05  3.20185027e-05  2.66975512e-05\n",
      "   4.75005872e-05  5.04305099e-05  5.61453271e-05  9.04652043e-05\n",
      "   3.23529421e-05  5.83462417e-04  1.29784530e-04  1.42906953e-04\n",
      "   1.69074920e-04  2.45644260e-05  4.34393150e-05  6.43322492e-05\n",
      "   4.32804736e-05  6.61721278e-05 -9.30453552e-06  3.53806863e-05\n",
      "   3.32746713e-05  4.12226327e-05]\n",
      " [-1.31316910e-05 -9.06537878e-07  4.74023363e-05 -1.80188381e-05\n",
      "  -2.24190790e-05  2.92597178e-05  1.28421880e-05  3.24574321e-05\n",
      "   3.26848494e-05  4.68251383e-05  5.17584194e-05  2.09287864e-05\n",
      "   5.33747916e-05  6.21785584e-05  8.11704158e-05  1.17402778e-04\n",
      "   4.83270960e-05  1.29784530e-04  6.74878131e-04  2.36514781e-04\n",
      "   2.80369597e-04  4.49430408e-05  5.82847424e-05  9.28915251e-05\n",
      "   9.85071019e-05  1.04334831e-04 -5.89983529e-07  3.66640743e-05\n",
      "   3.09891766e-05  4.01772850e-05]\n",
      " [ 4.70340528e-05 -2.50143921e-06 -4.14089736e-05 -2.15713299e-05\n",
      "   2.84373291e-05  6.16359175e-05  1.56473652e-05  5.27116608e-05\n",
      "   5.37517408e-05  6.89298613e-05  1.09808687e-04  1.84702385e-05\n",
      "   7.42294942e-05  8.80540756e-05  1.25974795e-04  1.83529657e-04\n",
      "   4.11974906e-05  1.42906953e-04  2.36514781e-04  7.92139617e-04\n",
      "   4.11919347e-04  3.82319231e-05  5.76913699e-05  1.04548679e-04\n",
      "   1.25396546e-04  1.56058319e-04  5.14898693e-06  3.14634271e-05\n",
      "   3.52272546e-05  7.36564543e-05]\n",
      " [ 1.01867183e-04  1.46576508e-06  1.93140859e-05  5.47133459e-06\n",
      "  -6.80385801e-06  1.22991696e-04  2.46381351e-05  4.34310241e-05\n",
      "   5.12128063e-05  7.38265007e-05  1.42650169e-04  5.03920564e-05\n",
      "   7.24727506e-05  1.13114162e-04  1.78479910e-04  2.66095856e-04\n",
      "   2.95682494e-05  1.69074920e-04  2.80369597e-04  4.11919347e-04\n",
      "   1.11207610e-03  2.88514948e-05  7.20119278e-05  1.13277172e-04\n",
      "   1.60523443e-04  2.47413409e-04  9.01094336e-06  4.27811901e-05\n",
      "   5.26357071e-05  8.61208609e-05]\n",
      " [ 1.62350796e-06  6.78292452e-07  3.07572407e-07 -1.49915259e-05\n",
      "  -8.48572654e-06  3.08855873e-04  1.15626317e-05  1.88107297e-05\n",
      "   7.86213150e-06  1.73596018e-05  1.97534446e-05  1.11986819e-05\n",
      "   7.47131298e-06  1.72650343e-05 -1.23116843e-06  1.90451851e-06\n",
      "   6.28307544e-06  2.45644260e-05  4.49430408e-05  3.82319231e-05\n",
      "   2.88514948e-05  5.16598870e-04  4.99175330e-05  4.79361006e-05\n",
      "   5.25551732e-05  4.00628487e-05  3.75257036e-06  2.97985571e-05\n",
      "   1.24816743e-05  3.37706551e-05]\n",
      " [ 1.56778697e-05 -9.46103171e-07 -3.07912087e-05  6.06072126e-06\n",
      "  -5.81471386e-06 -2.08031895e-04  1.53688634e-05  2.74970807e-06\n",
      "   2.80721852e-05  3.91329777e-05  2.14866559e-05  5.03847969e-06\n",
      "   3.57244571e-05  2.39895089e-05  3.07120135e-05  3.12278644e-05\n",
      "   1.76137764e-05  4.34393150e-05  5.82847424e-05  5.76913699e-05\n",
      "   7.20119278e-05  4.99175330e-05  5.98498038e-04  1.29799286e-04\n",
      "   1.37100695e-04  1.64275552e-04  1.18689250e-05  4.75198431e-05\n",
      "   6.93356851e-05  5.62576934e-05]\n",
      " [ 5.88133407e-05  1.25294786e-09  7.73640713e-05  5.14923049e-05\n",
      "   2.41712514e-05 -1.88575024e-04  1.43741772e-05  1.75154019e-05\n",
      "   2.57490774e-05  3.39089456e-05  3.70275739e-05  1.45902077e-05\n",
      "   4.57168380e-06  4.86616154e-05  6.25936445e-05  6.24836684e-05\n",
      "   2.34696272e-05  6.43322492e-05  9.28915251e-05  1.04548679e-04\n",
      "   1.13277172e-04  4.79361006e-05  1.29799286e-04  6.90756075e-04\n",
      "   2.32501130e-04  2.75452418e-04  1.23916971e-05  7.27157967e-05\n",
      "   8.75963378e-05  9.36536235e-05]\n",
      " [-1.06249609e-05  3.87676300e-06 -5.90173613e-06 -3.20609033e-05\n",
      "   9.58861619e-06 -7.91179627e-05  1.53651545e-05  3.06679358e-05\n",
      "   4.87538309e-05  6.00296953e-05  6.81438178e-05  8.30963836e-06\n",
      "   3.22667111e-05  4.58167669e-05  8.39718050e-05  6.64685940e-05\n",
      "   3.26338522e-05  4.32804736e-05  9.85071019e-05  1.25396546e-04\n",
      "   1.60523443e-04  5.25551732e-05  1.37100695e-04  2.32501130e-04\n",
      "   8.20844667e-04  4.13229514e-04  2.17513825e-05  5.22189257e-05\n",
      "   1.03830615e-04  1.40361386e-04]\n",
      " [-4.71934618e-05 -1.20614061e-07 -9.94368474e-06  7.44515501e-06\n",
      "   1.69301711e-05  2.32167458e-05  1.49739899e-05  2.72541820e-05\n",
      "   5.31501864e-05  7.73840075e-05  1.25125400e-04  2.29809539e-05\n",
      "   2.33257142e-05  7.14679481e-05  1.00506724e-04  1.34564776e-04\n",
      "   2.24931464e-05  6.61721278e-05  1.04334831e-04  1.56058319e-04\n",
      "   2.47413409e-04  4.00628487e-05  1.64275552e-04  2.75452418e-04\n",
      "   4.13229514e-04  1.13140547e-03  2.53970557e-05  7.38643866e-05\n",
      "   1.10739398e-04  1.77968730e-04]\n",
      " [ 3.69157096e-05 -3.10859406e-07 -4.65900084e-05 -2.64261307e-05\n",
      "  -1.55092275e-05  7.27870211e-05 -9.98709311e-07  3.03087108e-06\n",
      "   1.51366994e-05  1.19249917e-05  5.03392675e-06  9.04003900e-06\n",
      "   1.89093771e-06  7.88050420e-06 -3.97935082e-06 -3.21459356e-06\n",
      "  -3.09156326e-06 -9.30453552e-06 -5.89983529e-07  5.14898693e-06\n",
      "   9.01094336e-06  3.75257036e-06  1.18689250e-05  1.23916971e-05\n",
      "   2.17513825e-05  2.53970557e-05  4.89425962e-04  3.88883418e-05\n",
      "   2.87755065e-05  4.19252938e-05]\n",
      " [ 1.02935381e-04 -3.54002594e-07  2.65830272e-06  1.19284487e-05\n",
      "  -1.25213701e-05  2.82699155e-04  8.75849855e-06  1.36113140e-05\n",
      "   1.15621224e-05  2.47343235e-09  1.02567956e-05  8.20832429e-06\n",
      "   1.07051328e-05  1.68310307e-05  2.78280913e-05  2.07870708e-05\n",
      "   1.40591437e-05  3.53806863e-05  3.66640743e-05  3.14634271e-05\n",
      "   4.27811901e-05  2.97985571e-05  4.75198431e-05  7.27157967e-05\n",
      "   5.22189257e-05  7.38643866e-05  3.88883418e-05  5.79298940e-04\n",
      "   1.28238156e-04  1.42332312e-04]\n",
      " [ 2.71250592e-05  2.06489790e-06  6.15555246e-06  2.27104028e-05\n",
      "   7.34010257e-07 -1.31761713e-04  7.46075330e-06  2.04566823e-05\n",
      "   2.31229551e-05  1.60245490e-05  3.19034480e-05  2.76924516e-06\n",
      "   2.77569470e-05  1.69350133e-05  3.74017145e-05  4.36712835e-05\n",
      "   2.14157649e-06  3.32746713e-05  3.09891766e-05  3.52272546e-05\n",
      "   5.26357071e-05  1.24816743e-05  6.93356851e-05  8.75963378e-05\n",
      "   1.03830615e-04  1.10739398e-04  2.87755065e-05  1.28238156e-04\n",
      "   6.79960358e-04  2.30323654e-04]\n",
      " [ 3.34824144e-05 -1.74790372e-07  1.22861456e-06  3.82497456e-05\n",
      "   3.43715556e-06 -2.40744979e-04  1.28936572e-05  1.65215915e-05\n",
      "   5.00267088e-05  2.74791710e-05  4.56959278e-05  6.04603747e-06\n",
      "   2.28079389e-05  3.97244658e-05  5.62636960e-05  9.32302501e-05\n",
      "   7.74864111e-06  4.12226327e-05  4.01772850e-05  7.36564543e-05\n",
      "   8.61208609e-05  3.37706551e-05  5.62576934e-05  9.36536235e-05\n",
      "   1.40361386e-04  1.77968730e-04  4.19252938e-05  1.42332312e-04\n",
      "   2.30323654e-04  8.25561816e-04]]\n"
     ]
    },
    {
     "data": {
